 08/04/15 | 600 | 00000001565001 | 90002274      | 0000000001565 | A12I01   |  79900 |     1.000 |  79900  |     0 |
 08/04/15 | 600 | 00000001566001 | 90002465      | 0000000001566 | A12I01   | 319900 |     1.000 |  319900 |     0 |
 08/04/15 | 600 | 00000001566001 | 90002465      | 0000000001566 | A12I01   | 339900 |     1.000 |  339900 |     0 |
 08/04/15 | 600 | 00000009960001 | 90001840      | 0000000009960 | A21M01   | 129900 |     1.000 |  129900 |     0 |
 08/04/15 | 600 | 00000009982001 | 90001383      | 0000000009982 | A21M01   | 129900 |     1.000 |  129900 |     0 |
 08/04/15 | 600 | 00000009982001 | 90001383      | 0000000009982 | A21M01   | 139900 |     1.000 |  139900 |     0 |
 08/04/15 | 600 | 00000009982001 | 90001383      | 0000000009982 | A21M01   | 159900 |     1.000 |  159900 |     0 |
 08/04/15 | 600 | 00000009982001 | 90001383      | 0000000009982 | A21M01   | 169900 |     1.000 |  169900 |     0 |
 08/04/15 | 600 | 00000009982001 | 90001383      | 0000000009982 | A21M01   | 249900 |     1.000 |  249900 |     0 |
 08/04/15 | 600 | 00000010457001 | 90005299      | 0000000010457 | A12I01   | 268500 |     1.000 |  268500 |     0 |
 08/04/15 | 600 | 00000010457001 | 90005299      | 0000000010457 | A12I01   | 299000 |     2.000 |  598000 |     0 |
 08/04/15 | 600 | 00000011253001 | 90001864      | 0000000011253 | A21M01   | 229900 |     1.000 |  229900 |     0 |
 08/04/15 | 600 | 00000011253001 | 90001864      | 0000000011253 | A21M01   | 289900 |     1.000 |  289900 |     0 |
 08/04/15 | 600 | 00000011253001 | 90001864      | 0000000011253 | A21M01   | 319900 |     1.000 |  319900 |     0 |
 08/04/15 | 600 | 00000011253001 | 90001864      | 0000000011253 | A21M01   | 329900 |     1.000 |  329900 |     0 |
 08/04/15 | 600 | 00000011330001 | 90005695      | 0000000011330 | A21M01   | 199900 |     1.000 |  199900 |     0 |
 08/04/15 | 600 | 00000011333001 | 90005725      | 0000000011333 | A21M01   | 269900 |     1.000 |  269900 |     0 |
 08/04/15 | 600 | 00000011405001 | 90008054      | 0000000011405 | A31K01   | 179000 |     2.000 |  358000 |     0 |
 08/04/15 | 600 | 00000011406001 | 90005831      | 0000000011406 | A31K01   | 120000 |     1.000 |  120000 |     0 |
 08/04/15 | 600 | 00000011419001 | 90006050      | 0000000011419 | A31K01   | 110000 |     2.000 |  220000 |     0 |
 08/04/15 | 600 | 00000011445001 | 90004551      | 0000000011445 | A31K01   | 140000 |     1.000 |  140000 |     0 |
 08/04/15 | 600 | 00000011453001 | 90004575      | 0000000011453 | A31K01   | 135000 |     1.000 |  135000 |     0 |
 08/04/15 | 600 | 00000011464001 | 90001314      | 0000000011464 | A31K01   |  29000 |     3.000 |  87000  |     0 |
 08/04/15 | 600 | 00000011464001 | 90001314      | 0000000011464 | A31K01   |  29900 |     3.000 |  89700  |     0 |
 08/04/15 | 600 | 00000012914001 | 8998899001920 | 0000000012914 | KD1G01   |   3550 |     1.000 |  3550   |     0 |
 08/04/15 | 600 | 00000016121001 | 90004414      | 0000000016121 | A35H01   | 249500 |     4.000 |  998000 |     0 |
 08/04/15 | 600 | 00000016121001 | 90004414      | 0000000016121 | A35H01   | 284500 |     2.000 |  569000 |     0 |
 08/04/15 | 600 | 00000016121001 | 90004414      | 0000000016121 | A35H01   | 334500 |     1.000 |  334500 |     0 |
 08/04/15 | 600 | 00000016139001 | 90005459      | 0000000016139 | A35H01   |  59900 |     1.000 |  59900  |     0 |
 08/04/15 | 600 | 00000016139001 | 90005459      | 0000000016139 | A35H01   |  74900 |     1.000 |  74900  |     0 |
 08/04/15 | 600 | 00000016139001 | 90005459      | 0000000016139 | A35H01   |  89900 |     1.000 |  89900  |     0 |
 08/04/15 | 600 | 00000016139001 | 90005459      | 0000000016139 | A35H01   |  99900 |     1.000 |  99900  |     0 |
 08/04/15 | 600 | 00000018846001 | 90005855      | 0000000018846 | A31K01   | 190000 |     2.000 |  380000 |     0 |
 08/04/15 | 600 | 00000018877001 | 90006111      | 0000000018877 | A31K01   | 150000 |     1.000 |  150000 |     0 |
 08/04/15 | 600 | 00000018881001 | 90001321      | 0000000018881 | A31K01   |   5900 |     2.000 |  11800  |     0 |
 08/04/15 | 600 | 00000018886001 | 90001994      | 0000000018886 | A31K01   | 100000 |     2.000 |  200000 |     0 |
 08/04/15 | 600 | 00000018894001 | 90005404      | 0000000018894 | A31K01   | 130000 |     1.000 |  130000 |     0 |
 08/04/15 | 600 | 00000018894001 | 90005404      | 0000000018894 | A31K01   | 200000 |     1.000 |  200000 |     0 |
 08/04/15 | 600 | 00000018915001 | 90013294      | 0000000018915 | A31K01   | 250000 |     1.000 |  250000 |     0 |
 08/04/15 | 600 | 00000020660001 | 16305441      | 0000000020660 | A34C01   |  47900 |     1.000 |  47900  |     0 |
 08/04/15 | 600 | 00000020741001 | 16305984      | 0000000020741 | A34C01   |  39900 |     1.000 |  39900  |     0 |
 08/04/15 | 600 | 00000038797001 | 90002861      | 0000000038797 | A21M01   | 259000 |     1.000 |  259000 |     0 |
 08/04/15 | 600 | 00000038800001 | 90005343      | 0000000038800 | A12I01   |  70000 |     3.000 |  210000 |     0 |
 08/04/15 | 600 | 00000038800001 | 90005343      | 0000000038800 | A12I01   |  92000 |     1.000 |  92000  |     0 |
 08/04/15 | 600 | 00000038800001 | 90005343      | 0000000038800 | A12I01   | 112000 |     1.000 |  112000 |     0 |
 08/04/15 | 600 | 00000041210001 | 90012617      | 0000000041210 | A21M01   |  50000 |    11.000 |  550000 |     0 |
 08/04/15 | 600 | 00000042726001 | 90003738      | 0000000042726 | A21M01   | 349900 |     1.000 |  349900 |     0 |
 08/04/15 | 600 | 00000045109001 | 90002748      | 0000000045109 | A21M01   | 199900 |     1.000 |  199900 |     0 |
 08/04/15 | 600 | 00000045122001 | 90002915      | 0000000045122 | A21M01   |  70000 |     2.000 |  140000 |     0 |
 08/04/15 | 600 | 00000045122001 | 90002915      | 0000000045122 | A21M01   |  88000 |     3.000 |  264000 |     0 |
